0 0 0 300
0 0 1 300
0 0 2 300
0 0 3 300
0 0 4 300
0 0 5 300
0 0 6 300
0 0 7 300
0 1 0 300
0 1 1 300
0 1 2 300
0 1 3 300
0 1 4 300
0 1 5 300
0 1 6 300
0 1 7 300
0 2 0 300
0 2 1 300
0 2 2 300
0 2 3 300
0 2 4 300
0 2 5 300
0 2 6 300
0 2 7 300
0 3 0 300
0 3 1 300
0 3 2 300
0 3 3 300
0 3 4 300
0 3 5 300
0 3 6 300
0 3 7 300
0 4 0 300
0 4 1 300
0 4 2 300
0 4 3 300
0 4 4 300
0 4 5 300
0 4 6 300
0 4 7 300
0 5 0 300
0 5 1 300
0 5 2 300
0 5 3 300
0 5 4 300
0 5 5 300
0 5 6 300
0 5 7 300
0 6 0 300
0 6 1 300
0 6 2 300
0 6 3 300
0 6 4 300
0 6 5 300
0 6 6 300
0 6 7 300
0 7 0 300
0 7 1 300
0 7 2 300
0 7 3 300
0 7 4 300
0 7 5 300
0 7 6 300
0 7 7 300
1 0 0 300
1 0 1 300
1 0 2 300
1 0 3 300
1 0 4 300
1 0 5 300
1 0 6 300
1 0 7 300
1 1 0 300
1 1 1 300
1 1 2 300
1 1 3 300
1 1 4 300
1 1 5 300
1 1 6 300
1 1 7 300
1 2 0 300
1 2 1 300
1 2 2 300
1 2 3 300
1 2 4 300
1 2 5 300
1 2 6 300
1 2 7 300
1 3 0 300
1 3 1 300
1 3 2 300
1 3 3 300
1 3 4 300
1 3 5 300
1 3 6 300
1 3 7 300
1 4 0 300
1 4 1 300
1 4 2 300
1 4 3 300
1 4 4 300
1 4 5 300
1 4 6 300
1 4 7 300
1 5 0 300
1 5 1 300
1 5 2 300
1 5 3 300
1 5 4 300
1 5 5 300
1 5 6 300
1 5 7 300
1 6 0 300
1 6 1 300
1 6 2 300
1 6 3 300
1 6 4 300
1 6 5 300
1 6 6 300
1 6 7 300
1 7 0 300
1 7 1 300
1 7 2 300
1 7 3 300
1 7 4 300
1 7 5 300
1 7 6 300
1 7 7 300
2 0 0 300
2 0 1 300
2 0 2 300
2 0 3 300
2 0 4 300
2 0 5 300
2 0 6 300
2 0 7 300
2 1 0 300
2 1 1 300
2 1 2 300
2 1 3 300
2 1 4 300
2 1 5 300
2 1 6 300
2 1 7 300
2 2 0 300
2 2 1 300
2 2 2 300
2 2 3 300
2 2 4 300
2 2 5 300
2 2 6 300
2 2 7 300
2 3 0 300
2 3 1 300
2 3 2 300
2 3 3 300
2 3 4 300
2 3 5 300
2 3 6 300
2 3 7 300
2 4 0 300
2 4 1 300
2 4 2 300
2 4 3 300
2 4 4 300
2 4 5 300
2 4 6 300
2 4 7 300
2 5 0 300
2 5 1 300
2 5 2 300
2 5 3 300
2 5 4 300
2 5 5 300
2 5 6 300
2 5 7 300
2 6 0 300
2 6 1 300
2 6 2 300
2 6 3 300
2 6 4 300
2 6 5 300
2 6 6 300
2 6 7 300
2 7 0 300
2 7 1 300
2 7 2 300
2 7 3 300
2 7 4 300
2 7 5 300
2 7 6 300
2 7 7 300
3 0 0 300
3 0 1 300
3 0 2 300
3 0 3 300
3 0 4 300
3 0 5 300
3 0 6 300
3 0 7 300
3 1 0 300
3 1 1 300
3 1 2 300
3 1 3 300
3 1 4 300
3 1 5 300
3 1 6 300
3 1 7 300
3 2 0 300
3 2 1 300
3 2 2 300
3 2 3 300
3 2 4 300
3 2 5 300
3 2 6 300
3 2 7 300
3 3 0 300
3 3 1 300
3 3 2 300
3 3 3 300
3 3 4 300
3 3 5 300
3 3 6 300
3 3 7 300
3 4 0 300
3 4 1 300
3 4 2 300
3 4 3 300
3 4 4 300
3 4 5 300
3 4 6 300
3 4 7 300
3 5 0 300
3 5 1 300
3 5 2 300
3 5 3 300
3 5 4 300
3 5 5 300
3 5 6 300
3 5 7 300
3 6 0 300
3 6 1 300
3 6 2 300
3 6 3 300
3 6 4 300
3 6 5 300
3 6 6 300
3 6 7 300
3 7 0 300
3 7 1 300
3 7 2 300
3 7 3 300
3 7 4 300
3 7 5 300
3 7 6 300
3 7 7 300
4 0 0 300
4 0 1 300
4 0 2 300
4 0 3 300
4 0 4 300
4 0 5 300
4 0 6 300
4 0 7 300
4 1 0 300
4 1 1 300
4 1 2 300
4 1 3 300
4 1 4 300
4 1 5 300
4 1 6 300
4 1 7 300
4 2 0 300
4 2 1 300
4 2 2 300
4 2 3 300
4 2 4 300
4 2 5 300
4 2 6 300
4 2 7 300
4 3 0 300
4 3 1 300
4 3 2 300
4 3 3 300
4 3 4 300
4 3 5 300
4 3 6 300
4 3 7 300
4 4 0 300
4 4 1 300
4 4 2 300
4 4 3 300
4 4 4 300
4 4 5 300
4 4 6 300
4 4 7 300
4 5 0 300
4 5 1 300
4 5 2 300
4 5 3 300
4 5 4 300
4 5 5 300
4 5 6 300
4 5 7 300
4 6 0 300
4 6 1 300
4 6 2 300
4 6 3 300
4 6 4 300
4 6 5 300
4 6 6 300
4 6 7 300
4 7 0 300
4 7 1 300
4 7 2 300
4 7 3 300
4 7 4 300
4 7 5 300
4 7 6 300
4 7 7 300
5 0 0 300
5 0 1 300
5 0 2 300
5 0 3 300
5 0 4 300
5 0 5 300
5 0 6 300
5 0 7 300
5 1 0 300
5 1 1 300
5 1 2 300
5 1 3 300
5 1 4 300
5 1 5 300
5 1 6 300
5 1 7 300
5 2 0 300
5 2 1 300
5 2 2 300
5 2 3 300
5 2 4 300
5 2 5 300
5 2 6 300
5 2 7 300
5 3 0 300
5 3 1 300
5 3 2 300
5 3 3 300
5 3 4 300
5 3 5 300
5 3 6 300
5 3 7 300
5 4 0 300
5 4 1 300
5 4 2 300
5 4 3 300
5 4 4 300
5 4 5 300
5 4 6 300
5 4 7 300
5 5 0 300
5 5 1 300
5 5 2 300
5 5 3 300
5 5 4 300
5 5 5 300
5 5 6 300
5 5 7 300
5 6 0 300
5 6 1 300
5 6 2 300
5 6 3 300
5 6 4 300
5 6 5 300
5 6 6 300
5 6 7 300
5 7 0 300
5 7 1 300
5 7 2 300
5 7 3 300
5 7 4 300
5 7 5 300
5 7 6 300
5 7 7 300
6 0 0 300
6 0 1 300
6 0 2 300
6 0 3 300
6 0 4 300
6 0 5 300
6 0 6 300
6 0 7 300
6 1 0 300
6 1 1 300
6 1 2 300
6 1 3 300
6 1 4 300
6 1 5 300
6 1 6 300
6 1 7 300
6 2 0 300
6 2 1 300
6 2 2 300
6 2 3 300
6 2 4 300
6 2 5 300
6 2 6 300
6 2 7 300
6 3 0 300
6 3 1 300
6 3 2 300
6 3 3 300
6 3 4 300
6 3 5 300
6 3 6 300
6 3 7 300
6 4 0 300
6 4 1 300
6 4 2 300
6 4 3 300
6 4 4 300
6 4 5 300
6 4 6 300
6 4 7 300
6 5 0 300
6 5 1 300
6 5 2 300
6 5 3 300
6 5 4 300
6 5 5 300
6 5 6 300
6 5 7 300
6 6 0 300
6 6 1 300
6 6 2 300
6 6 3 300
6 6 4 300
6 6 5 300
6 6 6 300
6 6 7 300
6 7 0 300
6 7 1 300
6 7 2 300
6 7 3 300
6 7 4 300
6 7 5 300
6 7 6 300
6 7 7 300
7 0 0 300
7 0 1 300
7 0 2 300
7 0 3 300
7 0 4 300
7 0 5 300
7 0 6 300
7 0 7 300
7 1 0 300
7 1 1 300
7 1 2 300
7 1 3 300
7 1 4 300
7 1 5 300
7 1 6 300
7 1 7 300
7 2 0 300
7 2 1 300
7 2 2 300
7 2 3 300
7 2 4 300
7 2 5 300
7 2 6 300
7 2 7 300
7 3 0 300
7 3 1 300
7 3 2 300
7 3 3 300
7 3 4 300
7 3 5 300
7 3 6 300
7 3 7 300
7 4 0 300
7 4 1 300
7 4 2 300
7 4 3 300
7 4 4 300
7 4 5 300
7 4 6 300
7 4 7 300
7 5 0 300
7 5 1 300
7 5 2 300
7 5 3 300
7 5 4 300
7 5 5 300
7 5 6 300
7 5 7 300
7 6 0 300
7 6 1 300
7 6 2 300
7 6 3 300
7 6 4 300
7 6 5 300
7 6 6 300
7 6 7 300
7 7 0 300
7 7 1 300
7 7 2 300
7 7 3 300
7 7 4 300
7 7 5 300
7 7 6 300
7 7 7 300
8 0 0 300
8 0 1 300
8 0 2 300
8 0 3 300
8 0 4 300
8 0 5 300
8 0 6 300
8 0 7 300
8 1 0 300
8 1 1 300
8 1 2 300
8 1 3 300
8 1 4 300
8 1 5 300
8 1 6 300
8 1 7 300
8 2 0 300
8 2 1 300
8 2 2 300
8 2 3 300
8 2 4 300
8 2 5 300
8 2 6 300
8 2 7 300
8 3 0 300
8 3 1 300
8 3 2 300
8 3 3 300
8 3 4 300
8 3 5 300
8 3 6 300
8 3 7 300
8 4 0 300
8 4 1 300
8 4 2 300
8 4 3 300
8 4 4 300
8 4 5 300
8 4 6 300
8 4 7 300
8 5 0 300
8 5 1 300
8 5 2 300
8 5 3 300
8 5 4 300
8 5 5 300
8 5 6 300
8 5 7 300
8 6 0 300
8 6 1 300
8 6 2 300
8 6 3 300
8 6 4 300
8 6 5 300
8 6 6 300
8 6 7 300
8 7 0 300
8 7 1 300
8 7 2 300
8 7 3 300
8 7 4 300
8 7 5 300
8 7 6 300
8 7 7 300
9 0 0 300
9 0 1 300
9 0 2 300
9 0 3 300
9 0 4 300
9 0 5 300
9 0 6 300
9 0 7 300
9 1 0 300
9 1 1 300
9 1 2 300
9 1 3 300
9 1 4 300
9 1 5 300
9 1 6 300
9 1 7 300
9 2 0 300
9 2 1 300
9 2 2 300
9 2 3 300
9 2 4 300
9 2 5 300
9 2 6 300
9 2 7 300
9 3 0 300
9 3 1 300
9 3 2 300
9 3 3 300
9 3 4 300
9 3 5 300
9 3 6 300
9 3 7 300
9 4 0 300
9 4 1 300
9 4 2 300
9 4 3 300
9 4 4 300
9 4 5 300
9 4 6 300
9 4 7 300
9 5 0 300
9 5 1 300
9 5 2 300
9 5 3 300
9 5 4 300
9 5 5 300
9 5 6 300
9 5 7 300
9 6 0 300
9 6 1 300
9 6 2 300
9 6 3 300
9 6 4 300
9 6 5 300
9 6 6 300
9 6 7 300
9 7 0 300
9 7 1 300
9 7 2 300
9 7 3 300
9 7 4 300
9 7 5 300
9 7 6 300
9 7 7 300
10 0 0 300
10 0 1 300
10 0 2 300
10 0 3 300
10 0 4 300
10 0 5 300
10 0 6 300
10 0 7 300
10 1 0 300
10 1 1 300
10 1 2 300
10 1 3 300
10 1 4 300
10 1 5 300
10 1 6 300
10 1 7 300
10 2 0 300
10 2 1 300
10 2 2 300
10 2 3 300
10 2 4 300
10 2 5 300
10 2 6 300
10 2 7 300
10 3 0 300
10 3 1 300
10 3 2 300
10 3 3 300
10 3 4 300
10 3 5 300
10 3 6 300
10 3 7 300
10 4 0 300
10 4 1 300
10 4 2 300
10 4 3 300
10 4 4 300
10 4 5 300
10 4 6 300
10 4 7 300
10 5 0 300
10 5 1 300
10 5 2 300
10 5 3 300
10 5 4 300
10 5 5 300
10 5 6 300
10 5 7 300
10 6 0 300
10 6 1 300
10 6 2 300
10 6 3 300
10 6 4 300
10 6 5 300
10 6 6 300
10 6 7 300
10 7 0 300
10 7 1 300
10 7 2 300
10 7 3 300
10 7 4 300
10 7 5 300
10 7 6 300
10 7 7 300
11 0 0 300
11 0 1 300
11 0 2 300
11 0 3 300
11 0 4 300
11 0 5 300
11 0 6 300
11 0 7 300
11 1 0 300
11 1 1 300
11 1 2 300
11 1 3 300
11 1 4 300
11 1 5 300
11 1 6 300
11 1 7 300
11 2 0 300
11 2 1 300
11 2 2 300
11 2 3 300
11 2 4 300
11 2 5 300
11 2 6 300
11 2 7 300
11 3 0 300
11 3 1 300
11 3 2 300
11 3 3 300
11 3 4 300
11 3 5 300
11 3 6 300
11 3 7 300
11 4 0 300
11 4 1 300
11 4 2 300
11 4 3 300
11 4 4 300
11 4 5 300
11 4 6 300
11 4 7 300
11 5 0 300
11 5 1 300
11 5 2 300
11 5 3 300
11 5 4 300
11 5 5 300
11 5 6 300
11 5 7 300
11 6 0 300
11 6 1 300
11 6 2 300
11 6 3 300
11 6 4 300
11 6 5 300
11 6 6 300
11 6 7 300
11 7 0 300
11 7 1 300
11 7 2 300
11 7 3 300
11 7 4 300
11 7 5 300
11 7 6 300
11 7 7 300
12 0 0 300
12 0 1 300
12 0 2 300
12 0 3 300
12 0 4 300
12 0 5 300
12 0 6 300
12 0 7 300
12 1 0 300
12 1 1 300
12 1 2 300
12 1 3 300
12 1 4 300
12 1 5 300
12 1 6 300
12 1 7 300
12 2 0 300
12 2 1 300
12 2 2 300
12 2 3 300
12 2 4 300
12 2 5 300
12 2 6 300
12 2 7 300
12 3 0 300
12 3 1 300
12 3 2 300
12 3 3 300
12 3 4 300
12 3 5 300
12 3 6 300
12 3 7 300
12 4 0 300
12 4 1 300
12 4 2 300
12 4 3 300
12 4 4 300
12 4 5 300
12 4 6 300
12 4 7 300
12 5 0 300
12 5 1 300
12 5 2 300
12 5 3 300
12 5 4 300
12 5 5 300
12 5 6 300
12 5 7 300
12 6 0 300
12 6 1 300
12 6 2 300
12 6 3 300
12 6 4 300
12 6 5 300
12 6 6 300
12 6 7 300
12 7 0 300
12 7 1 300
12 7 2 300
12 7 3 300
12 7 4 300
12 7 5 300
12 7 6 300
12 7 7 300
13 0 0 300
13 0 1 300
13 0 2 300
13 0 3 300
13 0 4 300
13 0 5 300
13 0 6 300
13 0 7 300
13 1 0 300
13 1 1 300
13 1 2 300
13 1 3 300
13 1 4 300
13 1 5 300
13 1 6 300
13 1 7 300
13 2 0 300
13 2 1 300
13 2 2 300
13 2 3 300
13 2 4 300
13 2 5 300
13 2 6 300
13 2 7 300
13 3 0 300
13 3 1 300
13 3 2 300
13 3 3 300
13 3 4 300
13 3 5 300
13 3 6 300
13 3 7 300
13 4 0 300
13 4 1 300
13 4 2 300
13 4 3 300
13 4 4 300
13 4 5 300
13 4 6 300
13 4 7 300
13 5 0 300
13 5 1 300
13 5 2 300
13 5 3 300
13 5 4 300
13 5 5 300
13 5 6 300
13 5 7 300
13 6 0 300
13 6 1 300
13 6 2 300
13 6 3 300
13 6 4 300
13 6 5 300
13 6 6 300
13 6 7 300
13 7 0 300
13 7 1 300
13 7 2 300
13 7 3 300
13 7 4 300
13 7 5 300
13 7 6 300
13 7 7 300
14 0 0 300
14 0 1 300
14 0 2 300
14 0 3 300
14 0 4 300
14 0 5 300
14 0 6 300
14 0 7 300
14 1 0 300
14 1 1 300
14 1 2 300
14 1 3 300
14 1 4 300
14 1 5 300
14 1 6 300
14 1 7 300
14 2 0 300
14 2 1 300
14 2 2 300
14 2 3 300
14 2 4 300
14 2 5 300
14 2 6 300
14 2 7 300
14 3 0 300
14 3 1 300
14 3 2 300
14 3 3 300
14 3 4 300
14 3 5 300
14 3 6 300
14 3 7 300
14 4 0 300
14 4 1 300
14 4 2 300
14 4 3 300
14 4 4 300
14 4 5 300
14 4 6 300
14 4 7 300
14 5 0 300
14 5 1 300
14 5 2 300
14 5 3 300
14 5 4 300
14 5 5 300
14 5 6 300
14 5 7 300
14 6 0 300
14 6 1 300
14 6 2 300
14 6 3 300
14 6 4 300
14 6 5 300
14 6 6 300
14 6 7 300
14 7 0 300
14 7 1 300
14 7 2 300
14 7 3 300
14 7 4 300
14 7 5 300
14 7 6 300
14 7 7 300
15 0 0 300
15 0 1 300
15 0 2 300
15 0 3 300
15 0 4 300
15 0 5 300
15 0 6 300
15 0 7 300
15 1 0 300
15 1 1 300
15 1 2 300
15 1 3 300
15 1 4 300
15 1 5 300
15 1 6 300
15 1 7 300
15 2 0 300
15 2 1 300
15 2 2 300
15 2 3 300
15 2 4 300
15 2 5 300
15 2 6 300
15 2 7 300
15 3 0 300
15 3 1 300
15 3 2 300
15 3 3 300
15 3 4 300
15 3 5 300
15 3 6 300
15 3 7 300
15 4 0 300
15 4 1 300
15 4 2 300
15 4 3 300
15 4 4 300
15 4 5 300
15 4 6 300
15 4 7 300
15 5 0 300
15 5 1 300
15 5 2 300
15 5 3 300
15 5 4 300
15 5 5 300
15 5 6 300
15 5 7 300
15 6 0 300
15 6 1 300
15 6 2 300
15 6 3 300
15 6 4 300
15 6 5 300
15 6 6 300
15 6 7 300
15 7 0 300
15 7 1 300
15 7 2 300
15 7 3 300
15 7 4 300
15 7 5 300
15 7 6 300
15 7 7 300
