0 0 0 300
0 0 1 300
0 0 2 300
0 0 3 300
0 0 4 300
0 0 5 300
0 1 0 300
0 1 1 300
0 1 2 300
0 1 3 300
0 1 4 300
0 1 5 300
0 2 0 300
0 2 1 300
0 2 2 300
0 2 3 300
0 2 4 300
0 2 5 300
0 3 0 300
0 3 1 300
0 3 2 300
0 3 3 300
0 3 4 300
0 3 5 300
0 4 0 300
0 4 1 300
0 4 2 300
0 4 3 300
0 4 4 300
0 4 5 300
0 5 0 300
0 5 1 300
0 5 2 300
0 5 3 300
0 5 4 300
0 5 5 300
1 0 0 300
1 0 1 300
1 0 2 300
1 0 3 300
1 0 4 300
1 0 5 300
1 1 0 300
1 1 1 300
1 1 2 300
1 1 3 300
1 1 4 300
1 1 5 300
1 2 0 300
1 2 1 300
1 2 2 300
1 2 3 300
1 2 4 300
1 2 5 300
1 3 0 300
1 3 1 300
1 3 2 300
1 3 3 300
1 3 4 300
1 3 5 300
1 4 0 300
1 4 1 300
1 4 2 300
1 4 3 300
1 4 4 300
1 4 5 300
1 5 0 300
1 5 1 300
1 5 2 300
1 5 3 300
1 5 4 300
1 5 5 300
2 0 0 300
2 0 1 300
2 0 2 300
2 0 3 300
2 0 4 300
2 0 5 300
2 1 0 300
2 1 1 300
2 1 2 300
2 1 3 300
2 1 4 300
2 1 5 300
2 2 0 300
2 2 1 300
2 2 2 300
2 2 3 300
2 2 4 300
2 2 5 300
2 3 0 300
2 3 1 300
2 3 2 300
2 3 3 300
2 3 4 300
2 3 5 300
2 4 0 300
2 4 1 300
2 4 2 300
2 4 3 300
2 4 4 300
2 4 5 300
2 5 0 300
2 5 1 300
2 5 2 300
2 5 3 300
2 5 4 300
2 5 5 300
3 0 0 300
3 0 1 300
3 0 2 300
3 0 3 300
3 0 4 300
3 0 5 300
3 1 0 300
3 1 1 300
3 1 2 300
3 1 3 300
3 1 4 300
3 1 5 300
3 2 0 300
3 2 1 300
3 2 2 300
3 2 3 300
3 2 4 300
3 2 5 300
3 3 0 300
3 3 1 300
3 3 2 300
3 3 3 300
3 3 4 300
3 3 5 300
3 4 0 300
3 4 1 300
3 4 2 300
3 4 3 300
3 4 4 300
3 4 5 300
3 5 0 300
3 5 1 300
3 5 2 300
3 5 3 300
3 5 4 300
3 5 5 300
4 0 0 300
4 0 1 300
4 0 2 300
4 0 3 300
4 0 4 300
4 0 5 300
4 1 0 300
4 1 1 300
4 1 2 300
4 1 3 300
4 1 4 300
4 1 5 300
4 2 0 300
4 2 1 300
4 2 2 300
4 2 3 300
4 2 4 300
4 2 5 300
4 3 0 300
4 3 1 300
4 3 2 300
4 3 3 300
4 3 4 300
4 3 5 300
4 4 0 300
4 4 1 300
4 4 2 300
4 4 3 300
4 4 4 300
4 4 5 300
4 5 0 300
4 5 1 300
4 5 2 300
4 5 3 300
4 5 4 300
4 5 5 300
5 0 0 300
5 0 1 300
5 0 2 300
5 0 3 300
5 0 4 300
5 0 5 300
5 1 0 300
5 1 1 300
5 1 2 300
5 1 3 300
5 1 4 300
5 1 5 300
5 2 0 300
5 2 1 300
5 2 2 300
5 2 3 300
5 2 4 300
5 2 5 300
5 3 0 300
5 3 1 300
5 3 2 300
5 3 3 300
5 3 4 300
5 3 5 300
5 4 0 300
5 4 1 300
5 4 2 300
5 4 3 300
5 4 4 300
5 4 5 300
5 5 0 300
5 5 1 300
5 5 2 300
5 5 3 300
5 5 4 300
5 5 5 300
6 0 0 300
6 0 1 300
6 0 2 300
6 0 3 300
6 0 4 300
6 0 5 300
6 1 0 300
6 1 1 300
6 1 2 300
6 1 3 300
6 1 4 300
6 1 5 300
6 2 0 300
6 2 1 300
6 2 2 300
6 2 3 300
6 2 4 300
6 2 5 300
6 3 0 300
6 3 1 300
6 3 2 300
6 3 3 300
6 3 4 300
6 3 5 300
6 4 0 300
6 4 1 300
6 4 2 300
6 4 3 300
6 4 4 300
6 4 5 300
6 5 0 300
6 5 1 300
6 5 2 300
6 5 3 300
6 5 4 300
6 5 5 300
7 0 0 300
7 0 1 300
7 0 2 300
7 0 3 300
7 0 4 300
7 0 5 300
7 1 0 300
7 1 1 300
7 1 2 300
7 1 3 300
7 1 4 300
7 1 5 300
7 2 0 300
7 2 1 300
7 2 2 300
7 2 3 300
7 2 4 300
7 2 5 300
7 3 0 300
7 3 1 300
7 3 2 300
7 3 3 300
7 3 4 300
7 3 5 300
7 4 0 300
7 4 1 300
7 4 2 300
7 4 3 300
7 4 4 300
7 4 5 300
7 5 0 300
7 5 1 300
7 5 2 300
7 5 3 300
7 5 4 300
7 5 5 300
8 0 0 300
8 0 1 300
8 0 2 300
8 0 3 300
8 0 4 300
8 0 5 300
8 1 0 300
8 1 1 300
8 1 2 300
8 1 3 300
8 1 4 300
8 1 5 300
8 2 0 300
8 2 1 300
8 2 2 300
8 2 3 300
8 2 4 300
8 2 5 300
8 3 0 300
8 3 1 300
8 3 2 300
8 3 3 300
8 3 4 300
8 3 5 300
8 4 0 300
8 4 1 300
8 4 2 300
8 4 3 300
8 4 4 300
8 4 5 300
8 5 0 300
8 5 1 300
8 5 2 300
8 5 3 300
8 5 4 300
8 5 5 300
9 0 0 300
9 0 1 300
9 0 2 300
9 0 3 300
9 0 4 300
9 0 5 300
9 1 0 300
9 1 1 300
9 1 2 300
9 1 3 300
9 1 4 300
9 1 5 300
9 2 0 300
9 2 1 300
9 2 2 300
9 2 3 300
9 2 4 300
9 2 5 300
9 3 0 300
9 3 1 300
9 3 2 300
9 3 3 300
9 3 4 300
9 3 5 300
9 4 0 300
9 4 1 300
9 4 2 300
9 4 3 300
9 4 4 300
9 4 5 300
9 5 0 300
9 5 1 300
9 5 2 300
9 5 3 300
9 5 4 300
9 5 5 300
10 0 0 300
10 0 1 300
10 0 2 300
10 0 3 300
10 0 4 300
10 0 5 300
10 1 0 300
10 1 1 300
10 1 2 300
10 1 3 300
10 1 4 300
10 1 5 300
10 2 0 300
10 2 1 300
10 2 2 300
10 2 3 300
10 2 4 300
10 2 5 300
10 3 0 300
10 3 1 300
10 3 2 300
10 3 3 300
10 3 4 300
10 3 5 300
10 4 0 300
10 4 1 300
10 4 2 300
10 4 3 300
10 4 4 300
10 4 5 300
10 5 0 300
10 5 1 300
10 5 2 300
10 5 3 300
10 5 4 300
10 5 5 300
11 0 0 300
11 0 1 300
11 0 2 300
11 0 3 300
11 0 4 300
11 0 5 300
11 1 0 300
11 1 1 300
11 1 2 300
11 1 3 300
11 1 4 300
11 1 5 300
11 2 0 300
11 2 1 300
11 2 2 300
11 2 3 300
11 2 4 300
11 2 5 300
11 3 0 300
11 3 1 300
11 3 2 300
11 3 3 300
11 3 4 300
11 3 5 300
11 4 0 300
11 4 1 300
11 4 2 300
11 4 3 300
11 4 4 300
11 4 5 300
11 5 0 300
11 5 1 300
11 5 2 300
11 5 3 300
11 5 4 300
11 5 5 300
