# Time-averaged data for fix avespin
# TimeStep v_mag_x v_mag_y v_mag_z v_mag_norm v_mag_eng v_temp_mag
0 0 0 1 1 -693.626 0
1 -0.00101466 0.00276605 0.957277 0.957281 -636.153 102.266
2 -0.00701903 0.00490629 0.918626 0.918666 -585.85 189.323
3 -0.0111989 0.00675165 0.885633 0.88573 -545.278 256.044
4 -0.011663 0.00410074 0.850877 0.850966 -504.582 320.438
5 -0.0124704 0.00147719 0.824136 0.824231 -474.582 367.62
6 -0.00936188 0.00210229 0.79622 0.796277 -443.791 415.45
7 -0.0106479 0.00712094 0.769925 0.770031 -415.756 458.767
8 -0.0122454 0.00729739 0.744854 0.744991 -390.519 496.272
9 -0.0148096 0.00460211 0.722986 0.723152 -370.352 523.542
10 -0.0165047 0.00737878 0.7026 0.702832 -350.246 552.845
11 -0.0173125 0.00764077 0.681865 0.682127 -331.044 578.663
12 -0.0156839 0.00639806 0.66353 0.663747 -314.235 602.875
13 -0.0140755 0.00702646 0.649139 0.64933 -301.672 621.47
14 -0.00977402 0.00480922 0.635891 0.635985 -290.879 634.71
15 -0.00811198 0.00569083 0.618852 0.618932 -277.63 652.232
16 -0.00998062 0.00770131 0.605694 0.605825 -267.306 666.685
17 -0.0119033 0.0113198 0.595146 0.595373 -259.481 672.082
18 -0.00649669 0.0092852 0.577971 0.578082 -245.767 694.365
19 -0.00556069 0.00697421 0.563899 0.563969 -234.8 711.732
20 -0.00547743 0.00334344 0.550451 0.550488 -225.325 723.326
21 -0.00508769 -0.00113895 0.539713 0.539738 -218.4 730.389
22 -0.00390002 -0.00293843 0.527401 0.527424 -209.285 746.258
23 -0.00121871 6.59491e-05 0.517288 0.51729 -203.158 755.452
24 -0.00315291 0.000221676 0.506125 0.506135 -195.754 768.834
25 -0.00696542 0.000125614 0.496438 0.496487 -191.253 772.555
26 -0.00870719 0.000942666 0.48909 0.489168 -186.547 778.269
27 -0.00936505 0.000869869 0.480164 0.480256 -182.531 781.022
28 -0.00734669 0.00138833 0.469809 0.469869 -177.269 788.755
29 -0.00760166 0.000350991 0.46612 0.466183 -175.923 789.27
30 -0.0091411 -0.000597522 0.457981 0.458073 -170.621 796.646
31 -0.00964772 -0.00225523 0.448418 0.448527 -164.751 812.173
32 -0.00762694 -0.00236485 0.443374 0.443445 -162.324 810.078
33 -0.00499636 -0.00363972 0.437608 0.437652 -158.677 820.153
34 -0.00720654 -0.00313441 0.430473 0.430545 -154.916 827.768
35 -0.00454962 0.00250152 0.422003 0.422035 -150.91 833.448
36 -0.0033188 0.00405208 0.415796 0.415829 -147.543 841.597
37 -0.00465696 0.00451106 0.40948 0.409531 -144.232 850.886
38 -0.00409822 0.00429635 0.40306 0.403104 -141.535 857.36
39 -0.00253579 0.00290774 0.396073 0.396091 -138.105 860.948
40 -0.000984968 0.00217663 0.390862 0.390869 -136.21 864.609
41 -0.000155205 0.00537446 0.387142 0.387179 -133.979 876.036
42 0.000782221 0.00639077 0.382235 0.382289 -131.737 880.553
43 0.00348671 0.00509641 0.379546 0.379596 -131.672 878.852
44 0.00406247 0.00357558 0.37486 0.3749 -129.938 883.323
45 0.00414492 0.00875683 0.368613 0.36874 -126.795 895.36
46 0.00316123 0.00802508 0.364973 0.365075 -124.964 900.846
47 0.00329218 0.00963709 0.360949 0.361093 -123.517 902.964
48 0.00235579 0.0115296 0.356402 0.356596 -122.415 905.671
49 -0.00119122 0.00974795 0.353782 0.353918 -120.857 913.716
50 -0.00236605 0.0116013 0.352644 0.352842 -122.178 901.19
51 -0.00365498 0.0122752 0.348474 0.348709 -121.047 903.492
52 -0.00492728 0.012006 0.342916 0.343162 -118.517 910.563
53 -0.00593391 0.0117547 0.338827 0.339082 -118.745 904.097
54 -0.00786005 0.0106442 0.336039 0.336299 -118.288 909.657
55 -0.00812352 0.0103993 0.332918 0.333179 -116.536 919.309
56 -0.00962103 0.0142522 0.33119 0.331636 -116.493 923.28
57 -0.00973061 0.0162187 0.328389 0.328933 -115.2 936.481
58 -0.00947334 0.0166541 0.328617 0.329175 -115.476 932.444
59 -0.00742464 0.0187302 0.325297 0.32592 -115.008 934.801
60 -0.00846763 0.0183162 0.323748 0.324376 -113.301 943.724
61 -0.00848633 0.0165392 0.320501 0.32104 -111.696 954.339
62 -0.0102698 0.0159034 0.321307 0.321865 -112.86 947.866
63 -0.00915258 0.0164022 0.320332 0.320882 -114.422 934.714
64 -0.00984623 0.0162011 0.316884 0.31745 -114.272 928.583
65 -0.0100413 0.0145169 0.316751 0.317242 -115.567 921.621
66 -0.00715955 0.013594 0.315483 0.315857 -114.018 928.578
67 -0.00696779 0.0108868 0.315147 0.315412 -115.212 921.177
68 -0.00832107 0.0109087 0.316773 0.31707 -116.961 904.018
69 -0.010673 0.0116692 0.31522 0.315616 -117.043 901.699
70 -0.0108123 0.0110372 0.316075 0.316452 -118.198 894.575
71 -0.010204 0.011816 0.315326 0.315712 -119.331 889.05
72 -0.0116672 0.0117492 0.316499 0.316932 -119.74 888.05
73 -0.0124954 0.0115655 0.314624 0.315085 -119.925 888.456
74 -0.0123841 0.0130341 0.314405 0.314918 -120.491 886.047
75 -0.0124953 0.0128775 0.313187 0.313701 -121.913 878.217
76 -0.0131859 0.0137823 0.31142 0.312004 -121.882 875.805
77 -0.0120688 0.0127431 0.31322 0.313711 -123.557 865.232
78 -0.0129578 0.0128382 0.311937 0.31247 -123.171 872.606
79 -0.014119 0.0126366 0.31097 0.311547 -123.92 864.55
80 -0.0139471 0.0140272 0.31172 0.312347 -125.822 855.951
81 -0.0130684 0.014078 0.312745 0.313334 -127.979 847.134
82 -0.0137913 0.0164873 0.312627 0.313365 -129.491 837.31
83 -0.012704 0.015801 0.312921 0.313577 -129.924 834.385
84 -0.0149401 0.0163595 0.312528 0.313312 -131.21 827.919
85 -0.0140048 0.0162027 0.315168 0.315895 -133.57 816.662
86 -0.0124829 0.0166955 0.313342 0.314035 -133.381 815.811
87 -0.0112595 0.0159352 0.312723 0.313331 -133.104 818.114
88 -0.0110923 0.0153127 0.313521 0.314091 -134.666 808.53
89 -0.0110359 0.0131076 0.314728 0.315194 -135.953 806.084
90 -0.0113446 0.0105001 0.315641 0.31602 -137.004 799.694
91 -0.0103972 0.010856 0.316567 0.316924 -139.483 783.603
92 -0.0108953 0.00991685 0.31606 0.316403 -140.839 778
93 -0.0111803 0.0102037 0.315765 0.316128 -141.095 779.118
94 -0.0128523 0.0110179 0.315092 0.315547 -142.024 776.956
95 -0.0131789 0.011371 0.315588 0.316067 -142.988 777.236
96 -0.0118065 0.0113854 0.316328 0.316753 -143.821 777.318
97 -0.0120629 0.0111289 0.317481 0.317905 -144.545 780.746
98 -0.0124031 0.0114477 0.319164 0.31961 -145.938 774.551
99 -0.0114402 0.0115519 0.318244 0.318659 -147.047 767.748
100 -0.0105442 0.0123807 0.31781 0.318225 -146.459 774.111
101 -0.0120561 0.014442 0.319739 0.320292 -148.995 765.817
102 -0.0101931 0.013194 0.320728 0.321161 -149.103 765.059
103 -0.0106201 0.0161081 0.323317 0.323893 -152.194 754.743
104 -0.012084 0.016178 0.324388 0.325016 -153.291 752.534
105 -0.0106448 0.0150026 0.325955 0.326474 -153.448 754.001
106 -0.0116476 0.0143661 0.325707 0.326232 -155.081 742.896
107 -0.0104453 0.0176236 0.328383 0.329022 -157.71 736.638
108 -0.00947192 0.0196725 0.330246 0.330967 -159.574 731.179
109 -0.00937089 0.0184932 0.330314 0.330964 -160.958 724.664
110 -0.00984632 0.0187862 0.330281 0.330961 -161.833 719.321
111 -0.011226 0.0199502 0.330303 0.331095 -161.773 721.804
112 -0.012062 0.020683 0.331543 0.332406 -163.825 714.894
113 -0.0101015 0.0212399 0.332725 0.333555 -165.493 709.485
114 -0.00932775 0.0219777 0.332713 0.333569 -165.874 708.876
115 -0.00966386 0.0234192 0.332966 0.333928 -166.917 707.066
116 -0.00792074 0.0210144 0.334068 0.334822 -167.905 705.045
117 -0.00869497 0.0226437 0.335912 0.336787 -169.914 701.893
118 -0.00860202 0.0206326 0.337095 0.337835 -171.677 700.976
119 -0.0100624 0.0196721 0.339227 0.339946 -173.507 695.615
120 -0.0106552 0.0198997 0.340213 0.340961 -174.664 694.503
121 -0.010527 0.0183373 0.342785 0.343437 -176.6 691.485
122 -0.0130735 0.0183507 0.342652 0.343392 -177.991 686.979
123 -0.0108803 0.0200688 0.344409 0.345165 -179.827 682.459
124 -0.0125984 0.0196395 0.34473 0.345519 -181.547 677.232
125 -0.0122227 0.0199094 0.346853 0.347639 -184.33 667.694
126 -0.0104714 0.0200436 0.347751 0.348485 -185.641 661.709
127 -0.0100322 0.0206392 0.350746 0.351496 -188.57 657.983
128 -0.0115601 0.0227459 0.350664 0.351591 -190.506 650.52
129 -0.0122522 0.0247063 0.350991 0.352072 -192.026 648.801
130 -0.0129268 0.0246121 0.352522 0.353616 -194.925 640.986
131 -0.0152974 0.0256395 0.354379 0.355635 -197.253 633.904
132 -0.0160227 0.0244733 0.35679 0.357987 -198.751 635.383
133 -0.0140389 0.0245733 0.357149 0.358268 -200.166 635.351
134 -0.0149986 0.0244559 0.357352 0.358502 -202.223 628.63
135 -0.0143159 0.0242137 0.359538 0.360636 -204.989 621.818
136 -0.0148385 0.0247077 0.359889 0.361042 -206.933 617.07
137 -0.0157222 0.0261719 0.359744 0.361038 -207.653 614.082
138 -0.0165803 0.0268878 0.362784 0.364157 -210.624 608.127
139 -0.0173672 0.0293667 0.365862 0.367449 -213.389 605.141
140 -0.0172425 0.0288408 0.366925 0.36846 -214.979 604.232
141 -0.0164475 0.0295493 0.369461 0.371005 -217.399 603.286
142 -0.0143396 0.0314542 0.371658 0.373262 -219.069 602.738
143 -0.0153669 0.032816 0.371903 0.373664 -220.223 602.512
144 -0.0154126 0.0321721 0.373607 0.375307 -222.621 598.011
145 -0.0147935 0.0321481 0.376898 0.378556 -224.497 597.534
146 -0.014078 0.0312928 0.379291 0.38084 -227.551 592.88
147 -0.01472 0.0307175 0.381952 0.383468 -231.231 585.708
148 -0.0154604 0.0293483 0.38544 0.386865 -234.518 578.7
149 -0.0149048 0.0303743 0.386919 0.388395 -236.484 577.576
150 -0.0158059 0.0322535 0.390079 0.391729 -239.047 574.32
151 -0.0169073 0.0323213 0.390839 0.392537 -240.281 573.5
152 -0.0158113 0.0320576 0.393173 0.394794 -243.429 566.945
153 -0.0156436 0.0321622 0.396158 0.39777 -247.291 561.388
154 -0.0151806 0.0322992 0.398516 0.40011 -249.447 558.737
155 -0.0143797 0.0322192 0.400351 0.401903 -251.423 554.113
156 -0.0126571 0.0319155 0.401806 0.40327 -253.5 550.33
157 -0.011695 0.0314154 0.404706 0.406092 -256.354 545.82
158 -0.012725 0.0309249 0.406785 0.408157 -258.297 543.118
159 -0.0142623 0.0312999 0.407376 0.408825 -259.259 544.174
160 -0.014387 0.0316443 0.410806 0.412274 -262.083 540.872
161 -0.0147065 0.0304705 0.413046 0.414429 -264.166 538.562
162 -0.0157667 0.030867 0.416099 0.41754 -267.178 536.332
163 -0.0140765 0.0297971 0.418363 0.419659 -269.553 532.31
164 -0.0128121 0.0303788 0.421964 0.423251 -273.042 528.485
165 -0.0110225 0.030627 0.42491 0.426155 -275.938 524.99
166 -0.0104234 0.0294232 0.427241 0.428379 -278.115 523.247
167 -0.0108134 0.0285575 0.429552 0.430636 -279.621 521.215
168 -0.0112153 0.0286871 0.432328 0.433424 -282.949 513.556
169 -0.00864747 0.0302268 0.434727 0.435863 -285.216 510.408
170 -0.00679256 0.0298532 0.437646 0.438716 -287.898 506.39
171 -0.0076987 0.0301107 0.440717 0.441811 -291.154 501.296
172 -0.00871106 0.0310003 0.444197 0.445363 -295.188 494.483
173 -0.00914736 0.0310876 0.447221 0.448393 -298.579 489.982
174 -0.0104774 0.0317431 0.448853 0.450096 -301.029 486.933
175 -0.0108842 0.030708 0.452453 0.453625 -304.673 482.003
176 -0.0106529 0.0290652 0.455855 0.456905 -308.679 476.791
177 -0.00909006 0.0305674 0.458007 0.459116 -311.765 473.871
178 -0.0102346 0.0310855 0.461443 0.462602 -314.989 472.459
179 -0.0100171 0.0313055 0.463518 0.464682 -317.809 469.901
180 -0.00949589 0.0307378 0.467246 0.468352 -322.015 464.47
181 -0.00940167 0.0311654 0.470567 0.471692 -325.307 462.152
182 -0.00910399 0.0314506 0.473197 0.474329 -328.169 458.679
183 -0.0103814 0.0330307 0.475174 0.476433 -330.279 456.615
184 -0.0109811 0.0323158 0.476841 0.47806 -333.397 453.574
185 -0.010088 0.03298 0.478947 0.480188 -336.011 451.923
186 -0.00925384 0.0336528 0.483266 0.484525 -340.021 448.428
187 -0.00847647 0.0349355 0.48564 0.486969 -343.552 443.007
188 -0.010123 0.0351285 0.488186 0.489553 -346.021 439.4
189 -0.00992708 0.0351878 0.490805 0.492165 -348.36 438.488
190 -0.00831655 0.0357158 0.493517 0.494878 -351.112 435.514
191 -0.00875374 0.0366854 0.495472 0.496905 -354.064 432.667
192 -0.010872 0.037313 0.497389 0.498905 -356.677 430.421
193 -0.0105201 0.0369158 0.501247 0.502715 -360.384 426.237
194 -0.0106905 0.0382534 0.503381 0.504945 -363.474 423.399
195 -0.0113091 0.0393354 0.505944 0.507597 -366.887 419.145
196 -0.0114197 0.0390235 0.509306 0.510926 -370.889 415.199
197 -0.0109112 0.0382912 0.513617 0.515158 -374.516 412.126
198 -0.0110215 0.0383127 0.517268 0.518802 -378.018 409.092
199 -0.0117927 0.0381623 0.519296 0.52083 -379.742 408.745
200 -0.0128288 0.0366542 0.522019 0.523462 -383.001 405.504
201 -0.0118564 0.0365445 0.524762 0.526166 -385.956 402.678
202 -0.0128072 0.0368038 0.528088 0.529524 -389.078 399.542
203 -0.0136951 0.0371921 0.52969 0.531171 -391.495 397.007
204 -0.0141097 0.0388345 0.532319 0.53392 -394.707 395.067
205 -0.014316 0.0383452 0.53457 0.536135 -398.401 390.573
206 -0.0139336 0.0387787 0.537293 0.53887 -402.445 383.847
207 -0.013371 0.0390463 0.540779 0.542351 -405.832 381.02
208 -0.0110367 0.0389043 0.542863 0.544367 -408.337 378.683
209 -0.0109493 0.0384933 0.544133 0.545602 -410.503 376.623
210 -0.00919585 0.0386304 0.546635 0.548076 -413.398 374.117
211 -0.00990236 0.0390129 0.548164 0.54964 -415.208 373.046
212 -0.00891846 0.0375392 0.551158 0.552507 -418.195 370.428
213 -0.010144 0.0372731 0.553315 0.554662 -420.986 367.2
214 -0.0107853 0.037234 0.55621 0.557559 -423.834 365.039
215 -0.011002 0.0374186 0.559009 0.560368 -426.6 362.097
216 -0.0106811 0.037445 0.562247 0.563594 -429.66 359.656
217 -0.0102146 0.0383843 0.565252 0.566646 -433.38 355.743
218 -0.0107955 0.038314 0.568389 0.569781 -436.56 353.179
219 -0.0118444 0.0386871 0.570485 0.571918 -439.894 349.903
220 -0.0115093 0.0393283 0.573414 0.574876 -442.958 347.235
221 -0.01162 0.0396378 0.576324 0.577802 -446.11 343.738
222 -0.01117 0.0397192 0.579416 0.580883 -449.036 341.114
223 -0.0106653 0.0381828 0.581509 0.582859 -451.403 338.592
224 -0.00985643 0.0387477 0.584701 0.586066 -454.797 335.003
225 -0.00865286 0.0401681 0.588713 0.590145 -458.29 332.405
226 -0.00887919 0.0393337 0.59221 0.593582 -461.378 330.119
227 -0.00829342 0.0398522 0.595594 0.596984 -464.604 327.134
228 -0.00890271 0.0398325 0.597491 0.598884 -467.003 325.704
229 -0.00979979 0.0407318 0.599629 0.601091 -469.564 323.614
230 -0.0110023 0.0421132 0.602508 0.604079 -472.778 320.863
231 -0.0112531 0.0437069 0.604537 0.606219 -475.288 320.377
232 -0.0113611 0.0437272 0.607415 0.609093 -477.755 319.06
233 -0.0108215 0.044288 0.610213 0.611914 -481.383 315.697
234 -0.00973887 0.045536 0.613936 0.6157 -484.281 313.066
235 -0.00970835 0.0451267 0.616186 0.617913 -487.239 310.936
236 -0.00940041 0.0466176 0.61886 0.620685 -490.9 306.887
237 -0.00770779 0.0484523 0.621365 0.623298 -493.43 304.765
238 -0.00702674 0.0480109 0.624493 0.626376 -496.961 301.443
239 -0.00773764 0.0492801 0.626643 0.628625 -499.755 299.309
240 -0.00793014 0.04899 0.629448 0.631402 -502.084 297.711
241 -0.00779584 0.0510935 0.632083 0.634192 -504.945 294.41
242 -0.00725553 0.0507804 0.633782 0.635854 -506.994 292.948
243 -0.00687121 0.0504846 0.636853 0.638888 -509.478 291.464
244 -0.00763677 0.0493709 0.63965 0.641598 -512.539 288.176
245 -0.00857795 0.0487297 0.642772 0.644674 -515.367 286.24
246 -0.00954862 0.0482084 0.645585 0.647453 -518.385 283.222
247 -0.00949085 0.0475154 0.648736 0.650543 -521.989 278.763
248 -0.00962734 0.047107 0.650823 0.652597 -524.124 277.345
249 -0.00823162 0.046352 0.653436 0.65513 -527.089 274.882
250 -0.00740077 0.0459373 0.656917 0.658563 -530.32 271.896
251 -0.00724813 0.0466236 0.661352 0.663033 -534.063 267.814
252 -0.00708796 0.0453557 0.663968 0.665553 -536.647 265.15
253 -0.00730323 0.0455011 0.665841 0.667434 -539.28 262.573
254 -0.00752383 0.0459675 0.668146 0.669768 -541.127 261.916
255 -0.00794401 0.0461668 0.669928 0.671564 -543.029 260.934
256 -0.00801837 0.0469129 0.672381 0.674064 -544.871 260.148
257 -0.00940065 0.0469797 0.674573 0.676272 -546.787 258.842
258 -0.00987093 0.0468651 0.677664 0.679355 -549.52 256.82
259 -0.00850625 0.0464635 0.679687 0.681327 -551.373 255.035
260 -0.006819 0.0466747 0.682231 0.683859 -553.81 253.695
261 -0.00701773 0.0465579 0.683752 0.685371 -556.117 251.666
262 -0.0063705 0.0461143 0.686212 0.68779 -558.258 250.071
263 -0.00528511 0.0468772 0.688884 0.690497 -560.099 249.986
264 -0.00434111 0.0469756 0.691557 0.693164 -562.132 248.675
265 -0.00363572 0.0474762 0.69369 0.695323 -564.421 246.738
266 -0.00316298 0.0476623 0.696777 0.698413 -567.168 244.471
267 -0.00350555 0.0474471 0.697534 0.699155 -568.42 243.753
268 -0.0033721 0.0470299 0.700128 0.701714 -570.284 242.847
269 -0.0035341 0.0478391 0.702017 0.703654 -572.707 240.255
270 -0.00352577 0.0479875 0.703719 0.705362 -574.108 240.391
271 -0.00366763 0.0471893 0.705791 0.707376 -576.299 238.524
272 -0.00460194 0.0464073 0.707761 0.709295 -578.566 236.551
273 -0.00466354 0.0463048 0.710538 0.712061 -580.761 235.211
274 -0.00414155 0.0465109 0.71282 0.714348 -583.133 233.004
275 -0.00336447 0.0466614 0.713847 0.715378 -585.064 231.29
276 -0.00389826 0.0468961 0.716141 0.717685 -587.182 229.545
277 -0.00447251 0.0471069 0.718866 0.720422 -588.924 228.67
278 -0.00541825 0.0466932 0.719992 0.721525 -590.308 228.177
279 -0.00546228 0.0454002 0.722096 0.723543 -592.534 226.424
280 -0.00551433 0.0465371 0.724032 0.725547 -594.582 224.701
281 -0.00864322 0.046281 0.726521 0.728045 -596.048 224.649
282 -0.0100578 0.0460768 0.728722 0.730247 -597.905 223.518
283 -0.0089162 0.0465589 0.730443 0.731979 -599.667 222.506
284 -0.00901214 0.046468 0.732227 0.733756 -601.303 220.69
285 -0.00869504 0.0456492 0.734532 0.736001 -603.602 217.781
286 -0.00934552 0.0454852 0.73586 0.737323 -605.484 216.246
287 -0.00962264 0.0457646 0.737867 0.739348 -607.473 214.56
288 -0.0092251 0.0461767 0.739323 0.740821 -609.228 213.001
289 -0.00859164 0.0451416 0.740819 0.742243 -610.838 211.233
290 -0.00826479 0.0452745 0.742748 0.744173 -612.602 209.802
291 -0.00723895 0.0448449 0.744683 0.746067 -613.949 209.263
292 -0.00799579 0.0448135 0.746674 0.74806 -615.709 208.708
293 -0.0076249 0.0443753 0.748627 0.74998 -617.696 207.173
294 -0.00662625 0.0444034 0.751023 0.752364 -619.466 206.024
295 -0.00619792 0.0444025 0.752429 0.753763 -621.03 204.687
296 -0.00650055 0.0444825 0.754213 0.755551 -622.73 202.786
297 -0.00679016 0.0449438 0.755315 0.756682 -624.251 201.608
298 -0.00680841 0.0463483 0.757206 0.758654 -625.495 201.528
299 -0.00789463 0.0474157 0.758943 0.760464 -627.04 200.219
300 -0.00786126 0.0469732 0.759903 0.761394 -628.061 200.183
301 -0.00799924 0.0482664 0.760964 0.762535 -629.161 199.441
302 -0.00732585 0.0477943 0.762318 0.76385 -630.279 198.608
303 -0.00778079 0.0485039 0.762624 0.764205 -631.27 197.539
304 -0.00941336 0.0483059 0.764587 0.766169 -632.817 196.583
305 -0.00894888 0.0478654 0.766529 0.768074 -634.569 195.02
306 -0.00965372 0.0462399 0.767258 0.768711 -636.018 194.017
307 -0.00984027 0.0460128 0.7693 0.770738 -638.198 191.245
308 -0.0100562 0.0458997 0.77069 0.772121 -639.572 190.332
309 -0.00997508 0.0464482 0.771776 0.773237 -640.526 190.612
310 -0.0103976 0.0469815 0.773401 0.774896 -642.809 187.4
311 -0.0112501 0.0474928 0.775701 0.777235 -644.557 186.565
312 -0.0107939 0.0467775 0.776795 0.778277 -645.744 186.013
313 -0.0108806 0.0471781 0.778744 0.780248 -647.942 183.618
314 -0.00925333 0.0471187 0.780882 0.782357 -649.649 182.806
315 -0.00884128 0.0456807 0.78262 0.784002 -651.172 181.407
316 -0.00886473 0.0457194 0.783468 0.784851 -652.008 181.452
317 -0.00830648 0.0455902 0.785315 0.786681 -652.602 182.724
318 -0.00830647 0.0453348 0.786016 0.787366 -653.411 182.503
319 -0.00802752 0.045595 0.787404 0.788764 -655.037 181.19
320 -0.00780042 0.0449376 0.788612 0.78993 -655.726 181.595
321 -0.00892809 0.0451242 0.789564 0.790903 -656.703 181.184
322 -0.00891137 0.0450058 0.789998 0.791329 -657.333 181.253
323 -0.00866968 0.046178 0.791162 0.792556 -658.01 181.971
324 -0.00948455 0.0472952 0.792127 0.793594 -658.862 181.887
325 -0.00909058 0.0473026 0.79297 0.794432 -659.865 181.602
326 -0.00866411 0.0464911 0.794112 0.795519 -660.996 180.39
327 -0.00834615 0.0465168 0.795622 0.797025 -662.186 179.987
328 -0.00783635 0.0462524 0.796697 0.798077 -663.777 178.24
329 -0.00774633 0.046273 0.798288 0.799666 -665.202 177.275
330 -0.00777989 0.0470225 0.799255 0.800675 -666.664 176.094
331 -0.00760564 0.0473387 0.801022 0.802456 -668.685 173.773
332 -0.00814569 0.0475226 0.802955 0.804402 -670.869 171.021
333 -0.00866505 0.0470695 0.80398 0.805403 -672.142 169.523
334 -0.00842127 0.0469647 0.805519 0.806931 -673.485 168.981
335 -0.00883348 0.0476969 0.806671 0.808128 -674.484 168.528
336 -0.00860949 0.0466904 0.808049 0.809443 -675.598 167.913
337 -0.0107797 0.0472766 0.809224 0.810676 -676.854 166.98
338 -0.0119225 0.0469955 0.810308 0.811757 -678.16 166.05
339 -0.0121124 0.0471929 0.810941 0.812404 -679.321 165.066
340 -0.0119503 0.0485507 0.812238 0.813776 -680.795 163.759
341 -0.0131548 0.0491793 0.812711 0.814303 -681.469 163.786
342 -0.0127736 0.0473977 0.814028 0.815507 -682.485 162.973
343 -0.0139878 0.0479062 0.814993 0.816519 -683.841 162.126
344 -0.0135513 0.0484568 0.816249 0.817798 -685.181 161.176
345 -0.0131376 0.049254 0.817323 0.818911 -685.809 161.433
346 -0.0143508 0.0492927 0.818208 0.819817 -686.612 161.398
347 -0.0143182 0.0490667 0.819404 0.820997 -687.857 160.745
348 -0.0145396 0.0492422 0.819779 0.821385 -688.449 160.626
349 -0.0150853 0.0492414 0.821157 0.82277 -689.784 159.831
350 -0.0140972 0.0510364 0.82153 0.823235 -690.641 159.661
351 -0.0135703 0.050201 0.821948 0.823591 -691.48 159.152
352 -0.0138278 0.0502211 0.822222 0.82387 -692.142 158.905
353 -0.0141862 0.051406 0.822434 0.824161 -692.601 159.5
354 -0.0135538 0.0525523 0.823317 0.825104 -693.899 158.188
355 -0.0141776 0.052248 0.823391 0.825169 -694.096 158.875
356 -0.0128862 0.052009 0.824117 0.825857 -694.898 158.554
357 -0.0125749 0.0521183 0.824555 0.826297 -695.321 159.562
358 -0.0129054 0.0509765 0.825148 0.826821 -696.014 159.606
359 -0.0128073 0.051225 0.825709 0.827395 -697.079 159.271
360 -0.0126086 0.051453 0.826491 0.828187 -697.956 159.389
361 -0.01255 0.0524645 0.826919 0.828677 -699.168 158.309
362 -0.0130142 0.0523331 0.827683 0.829438 -700.555 157.008
363 -0.0120436 0.0534135 0.828072 0.82988 -700.792 157.779
364 -0.0119099 0.0548056 0.828846 0.830741 -701.179 158.251
365 -0.0109711 0.0544531 0.829963 0.83182 -702.896 156.461
366 -0.0105598 0.0544926 0.830958 0.83281 -704.23 155.357
367 -0.0103383 0.0544467 0.831519 0.833364 -704.895 155.87
368 -0.00933826 0.0529693 0.83187 0.833607 -705.803 155.435
369 -0.00884207 0.0540993 0.832808 0.83461 -707.022 154.875
370 -0.00947222 0.0537033 0.833497 0.835279 -707.689 155.178
371 -0.00926859 0.0545153 0.834602 0.836432 -708.707 154.42
372 -0.00920598 0.0545178 0.835307 0.837134 -709.751 153.407
373 -0.00851645 0.0550827 0.835441 0.837298 -710.309 154.018
374 -0.00936343 0.0550399 0.835739 0.837601 -710.837 154.008
375 -0.00974125 0.0546019 0.837189 0.839024 -712.438 152.55
376 -0.00890753 0.0545724 0.838361 0.840183 -713.463 152.325
377 -0.00895545 0.0549409 0.838949 0.840793 -714.015 152.798
378 -0.00913962 0.0552195 0.839899 0.841762 -715.361 151.979
379 -0.00872687 0.0556397 0.840998 0.842881 -716.542 151.305
380 -0.00877354 0.0551081 0.841105 0.842954 -717.402 150.741
381 -0.0076655 0.0551433 0.841772 0.843611 -718.083 150.909
382 -0.00884066 0.0554312 0.842515 0.844383 -718.772 151.152
383 -0.00926211 0.0546524 0.84272 0.844541 -719.403 151.142
384 -0.00895578 0.0549259 0.843002 0.844837 -719.852 151.364
385 -0.00840543 0.0550346 0.843397 0.845233 -720.692 150.786
386 -0.0083825 0.0553668 0.843607 0.845463 -720.864 152.054
387 -0.00764915 0.0548541 0.843973 0.845789 -721.412 152.654
388 -0.00796958 0.0563023 0.845007 0.846918 -722.563 151.944
389 -0.006767 0.0568029 0.845869 0.847801 -723.824 151.413
390 -0.00656458 0.0581748 0.847192 0.849212 -725.41 149.625
391 -0.00735271 0.0590316 0.847269 0.849355 -725.994 150.148
392 -0.00761422 0.0592327 0.847711 0.849812 -726.981 149.762
393 -0.0065548 0.0583301 0.848971 0.850998 -728.221 148.83
394 -0.0063298 0.0579649 0.849314 0.851313 -729.115 148.319
395 -0.00668418 0.0567348 0.849569 0.851487 -729.413 149.561
396 -0.00556772 0.056106 0.850069 0.851936 -730.58 148.653
397 -0.00371415 0.0557216 0.850178 0.85201 -730.983 149.001
398 -0.00407872 0.0562359 0.850157 0.852025 -731.059 149.885
399 -0.00423397 0.0555305 0.849923 0.851746 -731.295 150.687
400 -0.00341897 0.0553116 0.850375 0.852179 -731.722 150.941
401 -0.0031181 0.0552671 0.851224 0.853022 -733.807 148.365
402 -0.00212595 0.0561766 0.852483 0.854335 -735.35 147.195
403 -0.00296563 0.0558802 0.852553 0.854387 -735.83 147.609
404 -0.00348905 0.0547807 0.853089 0.854853 -736.912 146.778
405 -0.00342957 0.0560144 0.853618 0.855461 -737.751 146.496
406 -0.00316223 0.0557503 0.854934 0.856756 -738.824 146.364
407 -0.00404688 0.0553961 0.855559 0.85736 -739.659 146.433
408 -0.00355014 0.0560783 0.856075 0.857917 -740.484 146.016
409 -0.00319167 0.0574405 0.856415 0.858345 -741.454 145.498
410 -0.00208087 0.0583768 0.857303 0.859291 -742.494 145.518
411 -0.00178124 0.0574925 0.857332 0.85926 -743.272 144.898
412 -0.0012599 0.0579922 0.857722 0.859681 -743.674 145.12
413 -1.73159e-05 0.058772 0.857958 0.859969 -743.977 145.722
414 0.000309446 0.0591094 0.858531 0.860563 -744.596 145.769
415 0.00024984 0.0591637 0.859457 0.861491 -745.562 145.181
416 0.00055385 0.0596385 0.860779 0.862843 -746.837 144.371
417 -0.000152496 0.0594932 0.860747 0.8628 -747.339 144.969
418 0.000772183 0.0596906 0.860777 0.862844 -747.957 144.566
419 0.000554852 0.0590774 0.861316 0.86334 -748.62 144.415
420 0.0014524 0.057481 0.861719 0.863636 -749.194 144.397
421 0.000382603 0.0570965 0.862296 0.864184 -749.711 144.953
422 0.00140394 0.0565474 0.862732 0.864584 -750.19 145.306
423 0.0019173 0.0579247 0.863529 0.865471 -751.536 144.001
424 0.00182608 0.057745 0.86372 0.86565 -752.177 143.707
425 0.00144991 0.0573836 0.864175 0.866079 -753.245 142.791
426 0.00141438 0.0567972 0.864216 0.866082 -753.406 143.328
427 0.00160969 0.0571913 0.864498 0.866389 -753.872 144.173
428 0.00238121 0.0580464 0.865527 0.867474 -755.134 143.419
429 0.00211416 0.0580253 0.86603 0.867975 -756.328 142.123
430 0.0030212 0.0583893 0.86656 0.86853 -756.438 143.152
431 0.00351685 0.0594124 0.866923 0.868964 -757.317 142.873
432 0.00410582 0.059153 0.867262 0.869286 -758.212 142.39
433 0.0035728 0.0584843 0.867683 0.869659 -759.347 141.313
434 0.00428045 0.0584632 0.8682 0.870177 -759.754 142.181
435 0.00507221 0.0584476 0.868847 0.870826 -760.711 141.547
436 0.00604782 0.0582733 0.869239 0.871211 -761.343 141.378
437 0.00590228 0.0571966 0.869564 0.871463 -761.268 142.679
438 0.00533212 0.0567323 0.870113 0.871977 -762.187 141.986
439 0.00474961 0.0573462 0.870305 0.872205 -763.154 140.545
440 0.00474476 0.0569292 0.87096 0.872831 -764.161 139.601
441 0.00542544 0.0562237 0.871101 0.87293 -764.447 140.136
442 0.00494815 0.0554812 0.87146 0.873239 -765.275 139.454
443 0.00428443 0.0563485 0.871311 0.873142 -765.249 140.461
444 0.00466189 0.0559545 0.871837 0.873643 -766.158 139.796
445 0.00500281 0.0552897 0.872292 0.874057 -766.492 140.282
446 0.00441996 0.0554655 0.872734 0.874506 -767.205 139.908
447 0.00394625 0.0559162 0.873113 0.87491 -767.84 139.907
448 0.00316164 0.0568175 0.872939 0.874792 -767.538 141.386
449 0.00209723 0.0571792 0.872966 0.874839 -768.086 141.044
450 0.00226483 0.0558425 0.873148 0.874935 -768.403 141.269
451 0.00184586 0.0547737 0.873775 0.875492 -769.065 141.493
452 0.00198601 0.0548822 0.873918 0.875642 -769.654 141.648
453 0.0021127 0.0560438 0.874076 0.875873 -770.339 141.554
454 0.00245177 0.0557562 0.874256 0.876036 -770.292 142.775
455 0.00278506 0.0559329 0.87486 0.87665 -771.235 142.464
456 0.00340835 0.0556462 0.875065 0.876839 -771.364 143.735
457 0.00336282 0.0552054 0.875443 0.877188 -771.927 143.965
458 0.00275191 0.055249 0.875565 0.877311 -771.814 145.174
459 0.00372357 0.0554881 0.875321 0.877086 -771.91 145.987
460 0.00388594 0.0554718 0.875169 0.876934 -772.347 145.92
461 0.00313652 0.0553129 0.87585 0.8776 -773.345 145.279
462 0.0029609 0.0559739 0.875818 0.87761 -773.452 146.243
463 0.00321015 0.0561404 0.875572 0.877376 -773.622 146.917
464 0.00342955 0.0554453 0.876183 0.877942 -774.382 146.742
465 0.00303868 0.0555084 0.876536 0.878297 -774.803 146.699
466 0.00297742 0.0543817 0.876282 0.877972 -774.698 147.632
467 0.00269363 0.0546851 0.876269 0.877978 -775.055 148.054
468 0.0038228 0.0552402 0.8765 0.878247 -775.569 148.034
469 0.00467561 0.0547107 0.877242 0.878959 -776.714 146.647
470 0.0058476 0.054602 0.877174 0.878892 -776.707 147.634
471 0.00556951 0.0540367 0.877368 0.879048 -777.353 146.949
472 0.00547816 0.0531676 0.877267 0.878894 -777.855 146.71
473 0.00539704 0.0525 0.877091 0.878677 -778.424 146.593
474 0.00628505 0.0509669 0.876727 0.87823 -777.99 148.228
475 0.00681329 0.0512004 0.876813 0.878333 -777.992 149.203
476 0.0069547 0.0512506 0.876585 0.87811 -778.329 149.365
477 0.00607963 0.0509609 0.87725 0.87875 -778.672 150.113
478 0.00557903 0.0505972 0.877017 0.878493 -778.709 150.848
479 0.00557733 0.0518236 0.877604 0.879151 -779.852 149.156
480 0.00575973 0.0520489 0.878043 0.879603 -780.234 149.523
481 0.00528943 0.0517753 0.877782 0.879323 -780.196 150.354
482 0.00481297 0.0511309 0.878067 0.879567 -780.518 150.573
483 0.00560956 0.0511395 0.878587 0.880092 -781.447 149.836
484 0.00626883 0.0508543 0.878615 0.880108 -781.804 149.502
485 0.00628725 0.0493305 0.878955 0.88036 -782.113 149.929
486 0.00708661 0.0500863 0.878712 0.880167 -782.341 150.379
487 0.00587839 0.0510989 0.878303 0.879808 -782.657 150.112
488 0.0080336 0.0510534 0.878802 0.88032 -782.943 150.503
489 0.00720263 0.0522858 0.879181 0.880764 -783.465 150.631
490 0.00699492 0.0521036 0.879286 0.880856 -783.416 152.003
491 0.00723716 0.0511257 0.878583 0.8801 -782.793 153.505
492 0.00696368 0.0511226 0.87848 0.879994 -783.256 153.196
493 0.00689405 0.0512181 0.878148 0.879667 -783.298 153.704
494 0.00746902 0.0523205 0.878144 0.879733 -783.65 153.7
495 0.00682752 0.0534653 0.877965 0.879618 -784.256 152.761
496 0.0065616 0.0534564 0.87831 0.87996 -784.385 153.555
497 0.00641583 0.052787 0.878388 0.879996 -784.556 153.998
498 0.00649195 0.0518682 0.878671 0.880224 -785.015 153.664
499 0.00531809 0.052077 0.878501 0.88006 -784.818 154.489
500 0.00481072 0.0508263 0.878119 0.879602 -784.313 156.326
501 0.00458144 0.0506181 0.8783 0.879769 -784.348 156.748
502 0.0037233 0.0505144 0.878451 0.87991 -785.011 156.118
503 0.00319854 0.0504777 0.878661 0.880115 -785.5 155.665
504 0.00289317 0.0505757 0.879176 0.880634 -786.498 154.213
505 0.00339581 0.0494484 0.878627 0.880024 -786.605 153.797
506 0.00514082 0.0498462 0.878561 0.879989 -787.502 152.752
507 0.00450857 0.0506901 0.878566 0.880038 -787.566 153.716
508 0.00340926 0.0513985 0.878853 0.880361 -787.641 154.472
509 0.00394215 0.0522623 0.878756 0.880317 -787.923 154.797
510 0.00468051 0.0516915 0.878956 0.880487 -788.683 153.744
511 0.00473686 0.0524388 0.87959 0.881165 -789.27 153.508
512 0.00583557 0.0515116 0.879999 0.881524 -789.246 154.724
513 0.00666751 0.0502623 0.879951 0.88141 -789.529 154.706
514 0.00684142 0.0504789 0.879595 0.881069 -789.6 155.149
515 0.0066288 0.0509126 0.879777 0.881274 -790.241 154.664
516 0.00675717 0.0522244 0.87973 0.881305 -790.711 154.068
517 0.00633781 0.0519818 0.879686 0.881244 -790.827 154.17
518 0.00698799 0.0504099 0.879801 0.881272 -791.273 153.997
519 0.00704479 0.0501407 0.880021 0.881476 -791.674 154.356
520 0.00689714 0.0510778 0.879827 0.881335 -791.847 155.009
521 0.00544958 0.0517901 0.880207 0.881746 -791.977 155.654
522 0.00559864 0.052953 0.88066 0.882268 -792.539 155.652
523 0.00575328 0.0544272 0.880647 0.882346 -792.332 156.958
524 0.00565407 0.0546579 0.880417 0.882131 -792.126 158.12
525 0.00511936 0.0558075 0.880904 0.882685 -793.169 156.961
